-30.000000	0.344000
-29.000000	0.343000
-28.000000	0.343000
-27.000000	0.344000
-26.000000	0.351000
-25.000000	0.356000
-24.000000	0.364000
-23.000000	0.385000
-22.000000	0.407000
-21.000000	0.409000
-20.000000	0.441000
-19.000000	0.466000
-18.000000	0.464000
-17.000000	0.618000
-16.000000	0.600000
-15.000000	0.575000
-14.000000	0.640000
-13.000000	0.670000
-12.000000	0.730000
-11.000000	0.755000
-10.000000	0.842000
-9.000000	0.893000
-8.000000	0.982000
-7.000000	1.107000
-6.000000	1.183000
-5.000000	1.127000
-4.000000	1.241000
-3.000000	1.264000
-2.000000	1.350000
-1.000000	1.336000
0.000000	1.287000
1.000000	1.330000
2.000000	1.362000
3.000000	1.296000
4.000000	1.254000
5.000000	1.212000
6.000000	1.161000
7.000000	1.105000
8.000000	1.097000
9.000000	1.011000
10.000000	0.935000
11.000000	0.848000
12.000000	0.812000
13.000000	0.725000
14.000000	0.673000
15.000000	0.611000
16.000000	0.540000
17.000000	0.492000
18.000000	0.464000
19.000000	0.435000
20.000000	0.409000
21.000000	0.388000
22.000000	0.367000
23.000000	0.354000
24.000000	0.345000
25.000000	0.343000
26.000000	0.344000
27.000000	0.348000
28.000000	0.351000
29.000000	0.356000
30.000000	0.359000
