-30.000000	0.448000
-29.000000	0.469000
-28.000000	0.487000
-27.000000	0.526000
-26.000000	0.574000
-25.000000	0.630000
-24.000000	0.727000
-23.000000	0.776000
-22.000000	0.817000
-21.000000	0.912000
-20.000000	1.010000
-19.000000	1.063000
-18.000000	1.342000
-17.000000	1.333000
-16.000000	1.282000
-15.000000	1.406000
-14.000000	1.508000
-13.000000	1.566000
-12.000000	1.498000
-11.000000	1.661000
-10.000000	1.976000
-9.000000	2.148000
-8.000000	2.536000
-7.000000	2.734000
-6.000000	2.620000
-5.000000	2.927000
-4.000000	2.823000
-3.000000	2.842000
-2.000000	2.968000
-1.000000	2.918000
0.000000	3.048000
1.000000	2.779000
2.000000	2.644000
3.000000	2.602000
4.000000	2.370000
5.000000	2.239000
6.000000	1.944000
7.000000	1.829000
8.000000	1.733000
9.000000	1.516000
10.000000	1.315000
11.000000	1.229000
12.000000	1.054000
13.000000	0.966000
14.000000	0.835000
15.000000	0.720000
16.000000	0.613000
17.000000	0.534000
18.000000	0.471000
19.000000	0.435000
20.000000	0.407000
21.000000	0.376000
22.000000	0.358000
23.000000	0.345000
24.000000	0.343000
25.000000	0.344000
26.000000	0.349000
27.000000	0.351000
28.000000	0.355000
29.000000	0.359000
30.000000	0.363000
