0,011850	-0,000890
0,013840	-0,000210
0,015830	0,000180
0,017830	0,000240
0,019820	0,000260
0,021810	0,000280
0,023810	0,000300
0,025810	0,000360
0,027810	0,000380
0,029800	0,000370
0,031800	0,000360
0,033800	0,000370
0,035790	0,000390
0,037780	0,000420
0,039780	0,000420
0,041780	0,000420
0,043780	0,000420
0,045780	0,000450
0,047770	0,000450
0,049770	0,000440
0,051760	0,000470
0,053760	0,000480
0,055750	0,000500
0,057750	0,000510
0,059750	0,000550
0,061750	0,000520
0,063750	0,000570
0,065740	0,000600
0,067740	0,000710
0,069740	0,000630
0,071730	0,000760
0,073730	0,000770
0,075720	0,000730
0,077720	0,000640
0,079720	0,000630
0,081720	0,000620
0,083710	0,000680
0,085710	0,000720
0,087710	0,000750
0,089700	0,000790
0,091690	0,000800
0,093690	0,000820
0,095700	0,000800
0,097680	0,000770
0,099680	0,000840
0,101680	0,000840
0,103680	0,000920
0,105680	0,000910
0,107670	0,000960
0,109670	0,000950
0,111660	0,000950
0,113660	0,001100
0,115660	0,001030
0,117660	0,001010
0,119660	0,000990
0,121650	0,001080
0,123650	0,001110
0,125650	0,001100
0,127670	0,001170
0,129660	0,001170
0,131660	0,001160
0,133670	0,001110
0,135660	0,001210
0,137670	0,001230
0,139670	0,001200
0,141660	0,001130
0,143660	0,001280
0,145660	0,001320
0,147660	0,001330
0,149660	0,001320
0,151660	0,001400
0,153650	0,001410
0,155640	0,001500
0,157640	0,001630
0,159640	0,001700
0,161640	0,001880
0,163650	0,002420
0,165640	0,002670
0,167630	0,002680
0,169630	0,002900
0,171620	0,003460
0,173620	0,004070
0,175620	0,004560
0,177610	0,004880
0,179610	0,005450
0,181610	0,005960
0,183600	0,006620
0,185610	0,006950
0,187600	0,007360
0,189590	0,008440
0,191590	0,008820
0,193580	0,008820
0,195580	0,009090
0,197580	0,009950
0,199570	0,010550
0,201570	0,010240
0,203570	0,011230
0,205570	0,012620
0,207550	0,012700
0,209550	0,014070
0,211550	0,016550
0,213540	0,015800
0,215540	0,016310
0,217540	0,018040
0,219530	0,018330
0,221530	0,017140
0,223530	0,017520
0,225530	0,018750
0,227530	0,018850
0,229520	0,019910
0,231520	0,021730
0,233520	0,022150
0,235500	0,023250
0,237500	0,024220
0,239500	0,025300
0,241580	0,027720
0,243570	0,028590
0,245570	0,028730
0,247560	0,028340
0,249570	0,029010
0,251560	0,028070
0,253580	0,029660
0,255560	0,029860
0,257560	0,029240
0,259560	0,029460
0,261550	0,031490
0,263560	0,032260
0,265560	0,034530
0,267550	0,035900
0,269560	0,035320
0,271550	0,035390
0,273540	0,035010
0,275560	0,037000
0,277540	0,036190
0,279550	0,038360
0,281540	0,040010
0,283530	0,040940
0,285540	0,037800
0,287530	0,038380
0,289550	0,040840
0,291530	0,041290
0,293530	0,041940
0,295530	0,043390
0,297520	0,042690
0,299510	0,042960
0,301520	0,042920
0,303510	0,044980
0,305520	0,044480
0,307520	0,044260
0,309510	0,048060
0,311530	0,046600
0,313510	0,048380
0,315520	0,051300
0,317510	0,051420
0,319500	0,050600
0,321600	0,053280
0,323600	0,054460
0,325600	0,054110
0,327600	0,054890
0,329600	0,055330
0,331600	0,051270
0,333600	0,053230
0,335600	0,054460
0,337600	0,054490
0,339600	0,055300
0,341600	0,055620
0,343600	0,058520
0,345600	0,059040
0,347600	0,061040
0,349600	0,061820
0,351600	0,061950
0,353600	0,066550
0,355600	0,065490
0,357600	0,065410
0,359600	0,064940
0,361600	0,065400
0,363600	0,066640
0,365600	0,070670
0,367600	0,072080
0,369600	0,074850
0,371600	0,075890
0,373600	0,074300
0,375600	0,072360
0,377600	0,070100
0,379600	0,069860
0,381600	0,073950
0,383600	0,075580
0,385600	0,077460
0,387600	0,078780
0,389600	0,078640
0,391600	0,074870
0,393600	0,082010
0,395600	0,081540
0,397600	0,086380
0,399600	0,085030
