-0,001310	-0,001010
0,000680	-0,000110
0,002660	0,000120
0,004660	0,000170
0,006650	0,000190
0,008640	0,000200
0,010640	0,000220
0,012630	0,000220
0,014620	0,000220
0,016610	0,000230
0,018610	0,000230
0,020600	0,000250
0,022600	0,000270
0,024590	0,000290
0,026590	0,000310
0,028590	0,000310
0,030580	0,000320
0,032570	0,000340
0,034570	0,000350
0,036560	0,000330
0,038560	0,000330
0,040570	0,000380
0,042560	0,000400
0,044560	0,000420
0,046550	0,000440
0,048550	0,000430
0,050540	0,000490
0,052530	0,000470
0,054530	0,000480
0,056530	0,000470
0,058520	0,000460
0,060510	0,000480
0,062520	0,000490
0,064510	0,000510
0,066500	0,000510
0,068510	0,000530
0,070510	0,000540
0,072490	0,000550
0,074490	0,000580
0,076490	0,000570
0,078480	0,000590
0,080480	0,000600
0,082470	0,000600
0,084460	0,000640
0,086460	0,000650
0,088460	0,000700
0,090450	0,000670
0,092450	0,000720
0,094440	0,000730
0,096440	0,000730
0,098430	0,000750
0,100430	0,000770
0,102420	0,000820
0,104420	0,000850
0,106410	0,000870
0,108410	0,000880
0,110400	0,000880
0,112400	0,000860
0,114390	0,000970
0,116380	0,000920
0,118380	0,001010
0,120380	0,001000
0,122380	0,000980
0,124370	0,000990
0,126410	0,000980
0,128400	0,001070
0,130390	0,001080
0,132400	0,001150
0,134390	0,001150
0,136390	0,001160
0,138390	0,001240
0,140380	0,001240
0,142380	0,001320
0,144380	0,001400
0,146370	0,001330
0,148370	0,001340
0,150370	0,001370
0,152350	0,001420
0,154360	0,001400
0,156360	0,001430
0,158350	0,001440
0,160350	0,001560
0,162350	0,001590
0,164340	0,001680
0,166340	0,001640
0,168330	0,001790
0,170330	0,002010
0,172320	0,002300
0,174320	0,002480
0,176310	0,002930
0,178310	0,003130
0,180310	0,003730
0,182300	0,004360
0,184300	0,004700
0,186300	0,005150
0,188290	0,005420
0,190280	0,005840
0,192280	0,006350
0,194270	0,006660
0,196260	0,007380
0,198260	0,007790
0,200250	0,007880
0,202250	0,008190
0,204240	0,009500
0,206240	0,011120
0,208230	0,011860
0,210230	0,011550
0,212220	0,011420
0,214220	0,011530
0,216210	0,011920
0,218200	0,012440
0,220210	0,013500
0,222200	0,014050
0,224190	0,014360
0,226190	0,014480
0,228170	0,015360
0,230170	0,015650
0,232170	0,016330
0,234160	0,016880
0,236160	0,016840
0,238160	0,018210
0,240260	0,018650
0,242240	0,019250
0,244230	0,019060
0,246240	0,019460
0,248230	0,022270
0,250230	0,023380
0,252220	0,024160
0,254210	0,025830
0,256220	0,027350
0,258220	0,027850
0,260220	0,027330
0,262220	0,027350
0,264200	0,027330
0,266220	0,028720
0,268200	0,028240
0,270210	0,030210
0,272200	0,031240
0,274190	0,029070
0,276190	0,029670
0,278190	0,031050
0,280180	0,030230
0,282180	0,030700
0,284180	0,032630
0,286180	0,033230
0,288170	0,033930
0,290150	0,034080
0,292160	0,034470
0,294140	0,035670
0,296160	0,036700
0,298140	0,038590
0,300130	0,041940
0,302150	0,042020
0,304130	0,043380
0,306140	0,042590
0,308140	0,041210
0,310130	0,040710
0,312130	0,041540
0,314130	0,040240
0,316110	0,043250
0,318110	0,042740
0,320200	0,042620
0,322200	0,042430
0,324200	0,042710
0,326200	0,044000
0,328200	0,047510
0,330200	0,049700
0,332200	0,053210
0,334200	0,051690
0,336200	0,051280
0,338200	0,052900
0,340200	0,052600
0,342200	0,053920
0,344200	0,053060
0,346200	0,055680
0,348200	0,056820
0,350100	0,055400
0,352200	0,057230
0,354200	0,057560
0,356100	0,055990
0,358200	0,056930
0,360200	0,059960
0,362200	0,062640
0,364200	0,060150
0,366100	0,060310
0,368200	0,060300
0,370100	0,061270
0,372200	0,064660
0,374100	0,065190
0,376200	0,064800
0,378200	0,065880
0,380200	0,066080
0,382100	0,063870
0,384100	0,066640
0,386200	0,069030
0,388100	0,070900
0,390100	0,072430
0,392200	0,068960
0,394200	0,072240
0,396100	0,073370
0,398100	0,074660
