-0,001300	-0,001010
0,003670	-0,000140
0,008650	0,000150
0,013630	0,000220
0,018610	0,000230
0,023590	0,000230
0,028590	0,000300
0,033570	0,000330
0,038560	0,000360
0,043560	0,000360
0,048550	0,000370
0,053530	0,000400
0,058520	0,000440
0,063510	0,000440
0,068510	0,000500
0,073500	0,000560
0,078480	0,000600
0,083470	0,000590
0,088450	0,000610
0,093440	0,000680
0,098430	0,000710
0,103420	0,000770
0,108400	0,000830
0,113390	0,000830
0,118380	0,000850
0,123370	0,000920
0,128400	0,000990
0,133390	0,001030
0,138390	0,001050
0,143380	0,001080
0,148370	0,001120
0,153360	0,001200
0,158350	0,001280
0,163330	0,001490
0,168320	0,001810
0,173310	0,002190
0,178310	0,002730
0,183290	0,003730
0,188280	0,004400
0,193260	0,005110
0,198260	0,006240
0,203230	0,007200
0,208230	0,007740
0,213210	0,009520
0,218190	0,011300
0,223180	0,012580
0,228160	0,014570
0,233160	0,015410
0,238150	0,016130
0,243230	0,017440
0,248210	0,019270
0,253210	0,023320
0,258200	0,026440
0,263180	0,027350
0,268170	0,027920
0,273170	0,028370
0,278150	0,030180
0,283150	0,034220
0,288150	0,034610
0,293130	0,032590
0,298110	0,035000
0,303100	0,037910
0,308090	0,039990
0,313090	0,041730
0,318080	0,044820
0,323200	0,046620
0,328100	0,045580
0,333100	0,049800
0,338100	0,050550
0,343100	0,049130
0,348100	0,054880
0,353100	0,053040
0,358100	0,053360
0,363100	0,058920
0,368100	0,063830
0,373100	0,065390
0,378100	0,066350
0,383100	0,070270
0,388100	0,075210
0,393100	0,076210
0,398100	0,075130
