-40.000000	0.381000
-38.000000	0.380000
-36.000000	0.378000
-34.000000	0.377000
-32.000000	0.373000
-30.000000	0.369000
-28.000000	0.361000
-26.000000	0.353000
-24.000000	0.345000
-22.000000	0.355000
-20.000000	0.404000
-18.000000	0.458000
-16.000000	0.550000
-14.000000	0.765000
-12.000000	0.893000
-10.000000	1.145000
-8.000000	1.292000
-6.000000	1.516000
-4.000000	1.481000
-2.000000	1.419000
0.000000	1.305000
2.000000	1.257000
4.000000	0.961000
6.000000	0.729000
8.000000	0.730000
10.000000	0.617000
12.000000	0.653000
14.000000	0.490000
16.000000	0.449000
18.000000	0.431000
20.000000	0.389000
22.000000	0.366000
24.000000	0.350000
26.000000	0.344000
28.000000	0.347000
30.000000	0.352000
32.000000	0.357000
34.000000	0.361000
36.000000	0.365000
38.000000	0.370000
40.000000	0.371000
