0,000170	-0,000700
0,002010	0,000230
0,003990	0,000400
0,005980	0,000450
0,007960	0,000490
0,009960	0,000490
0,011950	0,000480
0,013940	0,000510
0,015940	0,000520
0,017930	0,000520
0,019930	0,000520
0,021920	0,000530
0,023910	0,000530
0,025910	0,000520
0,027900	0,000540
0,029900	0,000540
0,031890	0,000560
0,033880	0,000600
0,035870	0,000620
0,037870	0,000630
0,039870	0,000630
0,041860	0,000670
0,043850	0,000690
0,045850	0,000720
0,047850	0,000760
0,049840	0,000840
0,051840	0,000830
0,053830	0,000830
0,055820	0,000820
0,057810	0,000800
0,059810	0,000870
0,061810	0,000920
0,063810	0,000900
0,065800	0,000920
0,067800	0,000930
0,069800	0,000980
0,071770	0,001010
0,073770	0,001070
0,075770	0,001050
0,077760	0,001050
0,079770	0,001120
0,081760	0,001110
0,083760	0,001040
0,085740	0,001020
0,087740	0,001190
0,089740	0,001170
0,091740	0,001100
0,093730	0,001210
0,095730	0,001280
0,097720	0,001220
0,099720	0,001260
0,101720	0,001260
0,103710	0,001360
0,105720	0,001350
0,107710	0,001400
0,109700	0,001490
0,111700	0,001520
0,113690	0,001590
0,115690	0,001690
0,117690	0,001620
0,119680	0,001630
0,121670	0,001500
0,123680	0,001570
0,125680	0,001620
0,127660	0,001700
0,129650	0,001630
0,131660	0,001550
0,133650	0,001730
0,135650	0,001730
0,137650	0,001650
0,139640	0,001670
0,141640	0,001690
0,143640	0,001900
0,145640	0,001890
0,147640	0,001980
0,149630	0,002140
0,151630	0,002200
0,153630	0,002130
0,155630	0,002600
0,157620	0,002830
0,159620	0,003060
0,161610	0,003730
0,163600	0,004120
0,165610	0,003910
0,167590	0,004570
0,169600	0,004920
0,171590	0,004910
0,173580	0,005790
0,175590	0,006490
0,177570	0,007040
0,179570	0,008490
0,181570	0,009080
0,183560	0,009630
0,185570	0,010300
0,187550	0,011820
0,189540	0,011810
0,191550	0,012850
0,193540	0,013340
0,195530	0,014950
0,197530	0,015510
0,199520	0,016260
0,201510	0,018330
0,203510	0,018960
0,205500	0,020860
0,207510	0,019270
0,209500	0,019120
0,211490	0,019870
0,213490	0,020790
0,215480	0,020870
0,217480	0,021190
0,219480	0,024150
0,221470	0,024640
0,223460	0,025530
0,225460	0,025170
0,227450	0,024310
0,229450	0,025490
0,231450	0,028870
0,233440	0,028860
0,235440	0,027930
0,237440	0,028550
0,239430	0,030570
0,241430	0,029960
0,243500	0,029410
0,245450	0,032250
0,247460	0,033800
0,249460	0,033770
0,251460	0,031440
0,253450	0,033300
0,255470	0,033070
0,257450	0,034170
0,259460	0,035250
0,261440	0,037210
0,263440	0,037540
0,265440	0,039540
0,267440	0,039340
0,269420	0,038290
0,271420	0,040040
0,273430	0,039570
0,275430	0,039580
0,277430	0,043210
0,279420	0,045600
0,281440	0,046480
0,283420	0,046800
0,285420	0,043660
0,287410	0,044280
0,289420	0,045860
0,291410	0,050610
0,293410	0,049210
0,295390	0,051380
0,297410	0,052410
0,299410	0,051230
0,301390	0,050410
0,303390	0,053610
0,305400	0,058780
0,307400	0,058840
0,309380	0,058780
0,311380	0,059780
0,313390	0,061450
0,315390	0,063090
0,317380	0,064420
0,319380	0,063250
0,321500	0,063030
0,323500	0,063680
0,325400	0,063860
0,327500	0,070370
0,329400	0,064870
0,331500	0,064810
0,333500	0,067630
0,335400	0,068040
0,337400	0,065240
0,339400	0,065860
0,341500	0,066450
0,343500	0,071840
0,345400	0,076720
0,347500	0,080460
0,349500	0,078590
0,351400	0,078470
0,353400	0,073440
0,355500	0,075180
0,357500	0,077900
0,359400	0,080530
0,361400	0,082460
0,363500	0,083410
0,365500	0,084340
0,367500	0,084870
0,369500	0,086200
0,371500	0,081760
0,373500	0,083830
0,375500	0,085190
0,377500	0,083110
0,379400	0,087700
0,381500	0,087040
0,383500	0,083310
0,385500	0,084160
0,387500	0,087690
0,389500	0,090620
0,391500	0,091450
0,393500	0,091450
0,395500	0,091620
0,397500	0,089790
0,399500	0,089540
