-0,000870	-0,000960
0,001120	0,000100
0,003110	0,000170
0,005100	0,000220
0,007090	0,000230
0,009090	0,000240
0,011080	0,000250
0,013080	0,000230
0,015070	0,000230
0,017070	0,000300
0,019060	0,000320
0,021050	0,000360
0,023050	0,000360
0,025040	0,000380
0,027040	0,000380
0,029030	0,000340
0,031030	0,000330
0,033020	0,000330
0,035020	0,000320
0,037010	0,000320
0,039010	0,000360
0,041020	0,000380
0,043010	0,000370
0,045000	0,000360
0,047000	0,000410
0,049000	0,000420
0,050990	0,000440
0,052990	0,000430
0,054980	0,000460
0,056980	0,000440
0,058970	0,000460
0,060970	0,000480
0,062960	0,000490
0,064960	0,000520
0,066960	0,000530
0,068960	0,000540
0,070960	0,000650
0,072950	0,000700
0,074950	0,000700
0,076940	0,000700
0,078940	0,000620
0,080940	0,000630
0,082930	0,000690
0,084920	0,000660
0,086920	0,000620
0,088920	0,000640
0,090910	0,000680
0,092910	0,000760
0,094900	0,000810
0,096900	0,000860
0,098900	0,000900
0,100890	0,000860
0,102890	0,000800
0,104880	0,000860
0,106880	0,000900
0,108870	0,000950
0,110870	0,000980
0,112870	0,000990
0,114860	0,001010
0,116860	0,001020
0,118850	0,000960
0,120850	0,000960
0,122850	0,000950
0,124840	0,000980
0,126880	0,001020
0,128860	0,000990
0,130860	0,001000
0,132870	0,001030
0,134860	0,001030
0,136860	0,001100
0,138860	0,001110
0,140850	0,001150
0,142850	0,001130
0,144850	0,001160
0,146840	0,001200
0,148850	0,001220
0,150840	0,001280
0,152830	0,001360
0,154840	0,001350
0,156840	0,001440
0,158830	0,001520
0,160830	0,001480
0,162830	0,001550
0,164820	0,001660
0,166820	0,001810
0,168820	0,002200
0,170810	0,002700
0,172810	0,002990
0,174800	0,003100
0,176790	0,003550
0,178800	0,003590
0,180790	0,004200
0,182780	0,004640
0,184780	0,004750
0,186780	0,005790
0,188770	0,006010
0,190770	0,006120
0,192760	0,006760
0,194750	0,007740
0,196750	0,008670
0,198750	0,009700
0,200750	0,010410
0,202740	0,010120
0,204740	0,010630
0,206730	0,010950
0,208730	0,012230
0,210720	0,012920
0,212710	0,013700
0,214720	0,015310
0,216700	0,015930
0,218700	0,016080
0,220700	0,015680
0,222690	0,016420
0,224690	0,017330
0,226690	0,019100
0,228680	0,018680
0,230680	0,020490
0,232680	0,020520
0,234660	0,022320
0,236660	0,022580
0,238660	0,024950
0,240760	0,024750
0,242730	0,024950
0,244730	0,023830
0,246730	0,023010
0,248730	0,022600
0,250730	0,024050
0,252720	0,024220
0,254710	0,026170
0,256720	0,026770
0,258720	0,027490
0,260730	0,030070
0,262720	0,029190
0,264710	0,028010
0,266710	0,030650
0,268700	0,031090
0,270710	0,030510
0,272710	0,031840
0,274700	0,031590
0,276700	0,034350
0,278690	0,037520
0,280680	0,035670
0,282680	0,037720
0,284680	0,039230
0,286690	0,039120
0,288690	0,036430
0,290670	0,036880
0,292680	0,036990
0,294660	0,037690
0,296670	0,038290
0,298660	0,038660
0,300650	0,039850
0,302660	0,042260
0,304650	0,045360
0,306660	0,041930
0,308650	0,040800
0,310640	0,040080
0,312650	0,041180
0,314640	0,047280
0,316630	0,046960
0,318640	0,048400
0,320700	0,048830
0,322700	0,051390
0,324700	0,051960
0,326700	0,047770
0,328700	0,047940
0,330700	0,047180
0,332700	0,049100
0,334700	0,051880
0,336700	0,051680
0,338700	0,053130
0,340700	0,053770
0,342700	0,053430
0,344700	0,050090
0,346700	0,054310
0,348700	0,055510
0,350700	0,059570
0,352700	0,060110
0,354700	0,059210
0,356700	0,062600
0,358700	0,061210
0,360700	0,067070
0,362700	0,064880
0,364700	0,063320
0,366700	0,063680
0,368700	0,066110
0,370700	0,070720
0,372700	0,069250
0,374700	0,071320
0,376700	0,068410
0,378700	0,069940
0,380700	0,077880
0,382700	0,076720
0,384700	0,074870
0,386700	0,077580
0,388700	0,078160
0,390700	0,080910
0,392700	0,080960
0,394700	0,081070
0,396700	0,084550
0,398700	0,081630
