-10.000000	0.360000
-9.200000	0.357000
-8.400000	0.345000
-7.600000	0.443000
-6.800000	0.771000
-6.000000	0.645000
-5.200000	0.358000
-4.400000	0.350000
-3.600000	0.357000
-2.800000	0.357000
-2.000000	0.343000
-1.200000	0.399000
-0.400000	0.518000
0.400000	0.348000
1.200000	0.362000
2.000000	0.370000
2.800000	0.372000
3.600000	0.373000
4.400000	0.377000
5.200000	0.374000
6.000000	0.377000
6.800000	0.375000
7.600000	0.375000
8.400000	0.377000
9.200000	0.379000
10.000000	0.377000
