-11.000000	0.375000
-10.900000	0.374000
-10.800000	0.371000
-10.700000	0.369000
-10.600000	0.367000
-10.500000	0.365000
-10.400000	0.365000
-10.300000	0.369000
-10.200000	0.372000
-10.100000	0.369000
-10.000000	0.369000
-9.900000	0.370000
-9.800000	0.371000
-9.700000	0.374000
-9.600000	0.373000
-9.500000	0.371000
-9.400000	0.369000
-9.300000	0.369000
-9.200000	0.372000
-9.100000	0.373000
-9.000000	0.375000
-8.900000	0.375000
-8.800000	0.373000
-8.700000	0.374000
-8.600000	0.374000
-8.500000	0.375000
-8.400000	0.374000
-8.300000	0.374000
-8.200000	0.372000
-8.100000	0.373000
-8.000000	0.370000
-7.900000	0.366000
-7.800000	0.359000
-7.700000	0.348000
-7.600000	0.342000
-7.500000	0.344000
-7.400000	0.343000
-7.300000	0.343000
-7.200000	0.345000
-7.100000	0.343000
-7.000000	0.343000
-6.900000	0.351000
-6.800000	0.355000
-6.700000	0.349000
-6.600000	0.343000
-6.500000	0.343000
-6.400000	0.343000
-6.300000	0.343000
-6.200000	0.344000
-6.100000	0.344000
-6.000000	0.343000
-5.900000	0.342000
-5.800000	0.343000
-5.700000	0.343000
-5.600000	0.344000
-5.500000	0.346000
-5.400000	0.348000
-5.300000	0.348000
-5.200000	0.346000
-5.100000	0.343000
-5.000000	0.342000
-4.900000	0.343000
-4.800000	0.342000
-4.700000	0.343000
-4.600000	0.342000
-4.500000	0.345000
-4.400000	0.348000
-4.300000	0.348000
-4.200000	0.346000
-4.100000	0.345000
-4.000000	0.345000
-3.900000	0.345000
-3.800000	0.345000
-3.700000	0.346000
-3.600000	0.348000
-3.500000	0.348000
-3.400000	0.348000
-3.300000	0.347000
-3.200000	0.346000
-3.100000	0.345000
-3.000000	0.343000
-2.900000	0.343000
-2.800000	0.342000
-2.700000	0.342000
-2.600000	0.343000
-2.500000	0.343000
-2.400000	0.345000
-2.300000	0.348000
-2.200000	0.351000
-2.100000	0.355000
-2.000000	0.360000
-1.900000	0.364000
-1.800000	0.366000
-1.700000	0.364000
-1.600000	0.358000
-1.500000	0.354000
-1.400000	0.350000
-1.300000	0.350000
-1.200000	0.349000
-1.100000	0.348000
-1.000000	0.348000
-0.900000	0.352000
-0.800000	0.367000
-0.700000	0.403000
-0.600000	0.450000
-0.500000	0.490000
-0.400000	0.594000
-0.300000	0.719000
-0.200000	0.870000
-0.100000	1.042000
0.000000	1.203000
0.100000	1.311000
0.200000	1.336000
0.300000	1.269000
0.400000	1.139000
0.500000	0.991000
0.600000	0.867000
0.700000	0.767000
0.800000	0.679000
0.900000	0.589000
1.000000	0.486000
1.100000	0.429000
1.200000	0.365000
1.300000	0.342000
1.400000	0.349000
1.500000	0.356000
1.600000	0.362000
1.700000	0.364000
1.800000	0.366000
1.900000	0.366000
2.000000	0.367000
2.100000	0.369000
2.200000	0.367000
2.300000	0.366000
2.400000	0.364000
2.500000	0.364000
2.600000	0.364000
2.700000	0.363000
2.800000	0.361000
2.900000	0.359000
3.000000	0.357000
