-11.000000	0.367000
-10.900000	0.368000
-10.800000	0.370000
-10.700000	0.370000
-10.600000	0.369000
-10.500000	0.370000
-10.400000	0.370000
-10.300000	0.370000
-10.200000	0.370000
-10.100000	0.372000
-10.000000	0.372000
-9.900000	0.370000
-9.800000	0.371000
-9.700000	0.373000
-9.600000	0.372000
-9.500000	0.372000
-9.400000	0.369000
-9.300000	0.365000
-9.200000	0.366000
-9.100000	0.367000
-9.000000	0.366000
-8.900000	0.366000
-8.800000	0.367000
-8.700000	0.366000
-8.600000	0.363000
-8.500000	0.358000
-8.400000	0.351000
-8.300000	0.346000
-8.200000	0.343000
-8.100000	0.347000
-8.000000	0.366000
-7.900000	0.402000
-7.800000	0.428000
-7.700000	0.425000
-7.600000	0.393000
-7.500000	0.357000
-7.400000	0.343000
-7.300000	0.343000
-7.200000	0.349000
-7.100000	0.362000
-7.000000	0.374000
-6.900000	0.385000
-6.800000	0.404000
-6.700000	0.434000
-6.600000	0.464000
-6.500000	0.486000
-6.400000	0.520000
-6.300000	0.542000
-6.200000	0.542000
-6.100000	0.517000
-6.000000	0.483000
-5.900000	0.452000
-5.800000	0.408000
-5.700000	0.369000
-5.600000	0.346000
-5.500000	0.343000
-5.400000	0.345000
-5.300000	0.345000
-5.200000	0.345000
-5.100000	0.346000
-5.000000	0.348000
-4.900000	0.350000
-4.800000	0.353000
-4.700000	0.354000
-4.600000	0.357000
-4.500000	0.360000
-4.400000	0.361000
-4.300000	0.362000
-4.200000	0.362000
-4.100000	0.362000
-4.000000	0.363000
-3.900000	0.363000
-3.800000	0.365000
-3.700000	0.367000
-3.600000	0.366000
-3.500000	0.366000
-3.400000	0.366000
-3.300000	0.366000
-3.200000	0.369000
-3.100000	0.367000
-3.000000	0.368000
-2.900000	0.367000
-2.800000	0.366000
-2.700000	0.365000
-2.600000	0.364000
-2.500000	0.363000
-2.400000	0.364000
-2.300000	0.361000
-2.200000	0.358000
-2.100000	0.356000
-2.000000	0.355000
-1.900000	0.354000
-1.800000	0.355000
-1.700000	0.354000
-1.600000	0.349000
-1.500000	0.345000
-1.400000	0.343000
-1.300000	0.343000
-1.200000	0.344000
-1.100000	0.345000
-1.000000	0.344000
-0.900000	0.343000
-0.800000	0.343000
-0.700000	0.343000
-0.600000	0.344000
-0.500000	0.347000
-0.400000	0.350000
-0.300000	0.355000
-0.200000	0.357000
-0.100000	0.359000
0.000000	0.360000
0.100000	0.362000
0.200000	0.362000
0.300000	0.359000
0.400000	0.358000
0.500000	0.357000
0.600000	0.354000
0.700000	0.353000
0.800000	0.353000
0.900000	0.352000
1.000000	0.352000
1.100000	0.354000
1.200000	0.357000
1.300000	0.362000
1.400000	0.367000
1.500000	0.369000
1.600000	0.375000
1.700000	0.378000
1.800000	0.378000
1.900000	0.380000
2.000000	0.378000
2.100000	0.379000
2.200000	0.378000
2.300000	0.377000
2.400000	0.378000
2.500000	0.376000
2.600000	0.377000
2.700000	0.377000
2.800000	0.376000
2.900000	0.376000
3.000000	0.373000
